n (matrices are of size n x n), nb (number of examples), cholesky_float_array (in s), cholesky_float (in s), ldlt (in s), computation.v (in s), computation.v (Fixp, in s)
6, 19, 0.000000, 0.000002, 0.000261, 0.154, 0.114
10, 28, 0.000002, 0.000007, 0.001918, 0.620, 0.466
14, 1, 0.000003, 0.000032, 0.000003, 
15, 32, 0.000002, 0.000047, 0.009177, 1.584, 0.816
20, 12, 0.000007, 0.000062, 0.029321, 3.852, 1.848
21, 20, 0.000005, 0.000065, 0.033163, 
28, 8, 0.000011, 0.000156, 0.076415, 
35, 26, 0.000019, 0.000320, 0.286024, 17.424, 8.708
45, 8, 0.000040, 0.000738, 0.734004, 44.832, 22.684
55, 4, 0.000071, 0.001755, 1.414338, 84.328, 42.428
56, 12, 0.000075, 0.001682, 2.095624, 
66, 1, 0.000127, 0.002522, 0.002623, 
70, 2, 0.000131, 0.002901, 5.313251, 160.16, 85.212
78, 4, 0.000180, 0.004557, 8.171381, 
84, 2, 0.000221, 0.005162, 11.579910, 301.12, 133.528
91, 4, 0.000289, 0.006777, 15.805882, 
120, 2, 0.000645, 0.015331, 62.309284, 832.64, 471,776
126, 2, 0.000989, 0.017991, 73.340874, 
136, 2, 0.000929, 0.022169, 0.000288, 
165, 2, 0.001796, 0.039903, 239.081214, 
210, 2, 0.004748, 0.085690, 688.591267, 
220, 2, 0.003943, 0.101486, 1004.358549, 
286, 2, 0.010154, 0.222717, 3092.570720, 
